loss_i: [0.6524075865745544, 0.403061181306839, 0.39180949330329895, 0.33253705501556396, 0.9347079992294312, 0.03155509755015373, 0.2588779628276825, 0.0588444359600544, 0.12200849503278732, 0.038321804255247116, 0.07238748669624329, 0.04104018583893776, 0.10685107856988907, 0.08277379721403122, 0.1132659837603569]
loss_val_i: [0.3847135690351327, 0.32116347054640454, 0.3264012299478054, 0.2727837593605121, 0.27038413286209106, 0.2730286854008834, 0.25635991742213565, 0.2704797927290201, 0.22729027333358923, 0.23477486272652945, 0.24220002256333828, 0.24529424433906874, 0.22409289330244064, 0.21222004604836306, 0.21692710121472678]
