loss_i: [0.8073638081550598, 0.9221203923225403, 0.8077726364135742, 0.8183086514472961, 0.8944570422172546, 0.6828793287277222, 0.5387698411941528, 0.6142193675041199, 0.29186946153640747, 0.6199848651885986, 0.15679755806922913, 0.34562262892723083, 0.1841696798801422, 0.2287716418504715, 0.22948679327964783, 0.3372581899166107, 0.2336442470550537, 0.23702630400657654, 0.5446105599403381, 0.0465518981218338, 0.191199392080307, 0.1681789755821228, 0.1620604693889618, 0.20668625831604004, 0.03998841345310211, 0.20633025467395782, 0.13630954921245575, 0.11812493950128555, 0.15279193222522736, 0.0519220232963562, 0.048634253442287445, 0.01346635352820158, 0.004754037596285343, 0.09758491069078445]
loss_val_i: [1.1097662976876956, 0.8181994920229818, 0.8448233570404878, 0.6395580862450787, 0.6031668218747368, 0.6019421974857022, 0.5677091473434853, 0.634453822396637, 0.5503220136358044, 0.6221002530101247, 0.5028617856217417, 0.5437826231914008, 0.5436891335114016, 0.5126035282256332, 0.547934700562582, 0.48604790284848354, 0.5338455240176184, 0.5158250042948667, 0.7214977413885236, 0.5230667664134127, 0.6001060807153465, 0.5956549768145453, 0.5919505499736919, 0.5783213969007479, 0.6645944181125699, 0.6354068963748117, 0.6271178650002428, 0.6323288566401727, 0.5955490293773029, 0.6955649140749244, 0.6388260638982967, 0.6731632570359994, 0.6506491106326185, 0.6549683129389136]
