loss_i: [0.031065504997968674, 0.169479638338089, 0.004613695200532675, 0.0161200612783432, 0.05525266006588936, 0.015262320637702942, 0.004215324763208628, 0.002287384821102023, 0.009762642905116081, 0.004261167254298925, 0.0023474826011806726, 0.00963884312659502, 0.0060825468972325325, 0.00016688238247297704, 0.006105280015617609, 0.021964380517601967, 0.004158141557127237, 0.026712393388152122, 0.00018142866611015052, 0.0325339213013649, 0.006716100964695215, 0.038188718259334564, 0.0008925913134589791, 0.000664678227622062]
loss_val_i: [0.10360398105671996, 0.11792544098561776, 0.14071465697685828, 0.13965544060347454, 0.1259599479767423, 0.09854795457497349, 0.10163917807614321, 0.19357260308738553, 0.096663414853108, 0.12340968670784111, 0.15618057818220243, 0.12804983059480243, 0.16598738287677414, 0.10361886031149142, 0.13409439713859325, 0.12363369392115837, 0.1543686743723123, 0.11985813455535173, 0.14643663852863156, 0.13906645759660266, 0.18382347633363622, 0.1521998681865933, 0.10294698799258385, 0.11089808958657402]
